-0.05806865
0.01430802
-0.25431585
-0.056082085
0.050382156
0.19152667
0.03381268
0.072049476
0.19477355
-0.26556534
0.07266282
-0.053821035
0.19260591
-0.18061155
0.12009482
-0.42387083
0.30992135
0.027758861
0.37458515
0.3752357
-0.04362661
-0.0058518406
0.0035515039
0.4105313
-0.051813677
-0.13873051
-0.15722607
-0.09636519
-0.12266727
-0.15029779
0.029176572
0.2834359
-0.11301298
-0.07584436
-0.2605109
0.079246216
0.27011156
-0.12232562
-0.1576097
-0.1543947
-0.40454143
-0.08536435
0.0734267
-0.037892297
0.021136
0.06868161
-0.25879842
0.22690505
-0.37120432
0.28684616
0.081110336
0.10013738
0.14398898
-0.042961553
-0.03273507
-0.12877192
-0.28529182
-0.021846669
0.07169042
0.2784657
-0.013677583
-0.19026302
0.028933445
0.039396685
0.048575293
-0.11832615
0.1598353
-0.05339787
0.026417669
-0.031390373
-0.30950347
-0.32375196
-0.08610339
0.25446042
0.29917854
0.26780537
0.26140475
-0.15932117
-0.04956979
-0.19159193
-0.27775794
0.14637291
0.18892775
-0.016340323
-0.011568186
-0.03752937
0.19030078
0.05797081
0.22719577
0.18150358
-0.1560993
-0.17270102
-0.11818347
-0.073489256
-0.28364316
-0.10757471
0.028218942
0.23154996
0.09794695
-0.013275612
-0.27299553
0.015565556
0.03354459
-0.107444234
-0.10116388
0.1517523
0.07235627
-0.083272375
0.15282708
0.18628012
0.35892978
-0.1934863
-0.11486798
-0.3111646
0.122084945
0.08368783
0.36918336
0.040740296
-0.33191124
-0.33973476
-0.31681108
-0.16816495
0.36649245
0.015866498
-0.13014974
0.0038867176
-0.011631193
-0.18730888
0.11040287
0.08525051
-0.07121176
0.058969982
-0.26643452
0.14070973
0.108166575
-0.047470465
0.086590156
-0.034680005
-0.15333469
0.30473125
0.12544617
-0.14538127
-0.10022977
-0.009955284
-0.07127138
-0.21372531
0.0769667
0.09176444
0.060549714
0.23770672
0.00016036478
0.04579591
-0.06494005
0.36856085
0.12134937
-0.15292697
0.20556654
-0.18119873
0.08952258
0.20685495
-0.15409182
-0.101636425
0.24502927
0.0952113
-0.17768855
-0.004351731
0.22815737
-0.040931903
-0.24352075
0.07373709
0.08425798
-0.058509823
0.33532718
-0.0027426356
0.14786303
0.077990904
0.13807665
0.29715583
-0.114311464
-0.12753032
-0.18154952
-0.0125721255
-0.19243594
0.0070513533
-0.07548347
0.037564848
-0.061371453
0.3278226
0.21143776
0.22253034
-0.03684276
0.015774816
-0.09492722
-0.027308175
-0.054814722
-0.08071915
-0.144284
-0.20520665
-0.093220934
0.21145123
0.0014976544
0.096345484
0.24841343
0.11212951
0.09595855
-0.0024149455
-0.04870467
0.11387049
-0.035452396
-0.28529403
-0.2582963
0.19038783
-0.0483779
-0.11461448
-0.06972152
0.019346211
-0.025831101
0.13361321
-0.2224902
0.13148098
0.017866904
0.16730253
0.120793946
-0.011141878
-0.029248253
0.13694382
0.49115136
0.04929256
0.064022355
0.0030503531
-0.21036753
0.0906543
0.033602342
-0.2996565
-0.28557453
-0.11816445
0.25847292
-0.12443146
0.00016820763
-0.059624482
0.03412101
-0.0106858695
-0.037710793
-0.09234722
0.16875017
-0.14498323
-0.08545975
0.15451755
-0.029483248
0.19644874
-0.1300593
0.020057809
0.24792536
-0.0078102164
-0.15974598
0.15591249
0.35964206
-0.08559788
-0.09782533
0.016865281
0.1077428
0.30555993
-0.08303484
-0.10626309
0.19946142
-0.027392877
0.07567146
-0.053641304
0.12608448
0.08518723
-0.072248206
0.15404418
0.098746404
-0.15127103
-0.13188322
0.12706426
0.4192809
-0.0030166619
-0.1173646
0.015869835
-0.045130745
0.07405742
-0.021618284
-0.20495754
0.10893908
0.145319
0.20574123
-0.12313346
-0.11557484
0.23902006
-0.07939322
0.14766991
0.2764756
0.22359417
0.024734115
0.09023964
-0.076212786
-0.25484008
-0.076706484
0.12260152
0.091397494
0.15310398
0.077018365
0.06585922
-0.08919888
0.03828942
0.037506044
-0.02496438
-0.013187552
0.02673372
0.1506704
-0.032437112
0.24616578
-0.108695604
-0.09429762
0.102799006
-0.15416959
0.25816685
-0.019996956
0.07919732
-0.11922274
0.19947319
-0.093181364
0.08614224
0.008880576
0.23882858
0.17637181
0.21187975
0.21406339
0.016655691
-0.26386043
0.12961759
-0.070959136
-0.10429023
-0.24048033
0.29671904
-0.16958052
0.09409599
-0.17926317
0.05524176
0.1477601
0.12063474
0.03791511
0.07455045
-0.029080546
0.1419347
-0.12278909
-0.251992
-0.022743082
0.17781302
-0.034876518
-0.08260677
0.007408316
0.047393776
-0.08509229
-0.009624282
0.19527787
0.20259863
0.096787386
-0.061130002
-0.16700873
0.34637558
-0.10490276
-0.031643733
-0.085302524
0.09658063
0.057160866
0.32635894
-0.027833352
-0.0109625915
0.032153565
0.05125901
0.12795621
-0.2131677
-0.10641657
-0.026042217
0.53066516
0.1254674
-0.1735623
0.15551816
0.0069996957
0.16611357
0.08854749
-0.004444038
-0.15760311
-0.062454153
-0.06883327
0.18879928
-0.13878024
0.03210426
-0.09374906
-0.21197404
0.09818
0.28739327
-0.23810703
-0.18212177
-0.25782385
0.14835924
-0.18373467
0.15691939
0.035121012
0.0578883
-0.076714866
0.24312843
-0.05065879
0.30653572
0.030995462
0.011691701
0.050840687
-0.16152255
-0.083514005
0.006505703
0.185513
0.019635769
-0.011200205
0.048908763
-0.15307152
0.39280188
-0.09547428
0.21377237
-0.23634003
0.23477109
0.13620944
-0.1634009
0.04082247
0.31848
0.4105776
-0.10889989
0.080692396
0.0407221
-0.05061018
-0.049809854
-0.11438508
-0.170243
0.0488614
-0.07945648
0.06886169
-0.15622106
-0.1591497
-0.13803329
0.12817086
0.11302016
-0.12115631
0.25690272
-0.089274265
-0.20006743
-0.1041998
0.009279004
-0.3161729
-0.054377846
-0.16033636
-0.092651606
0.22965956
-0.08487632
-0.063592054
0.037929237
0.22178644
0.07834858
0.032725397
0.03373991
0.33355096
0.1255339
-0.017638924
-0.102881074
0.06502087
0.19438013
-0.07672755
0.016960075
-0.09682623
0.17866133
-0.19821993
0.22402273
-0.0011126308
-0.23077396
-0.17326441
0.15207271
0.15683492
0.15599918
-0.19215488
0.29851907
-0.011218112
0.13499387
-0.15195447
-0.2146286
0.001739248
0.16142124
-0.19974048
0.0062925247
0.045940615
-0.08130323
-0.0236278
-0.28677952
0.15056469
0.15937467
-0.1339824
0.055260804
-0.018829532
-0.18115865
-0.05832107
-0.17397279
0.10078002
-0.2245588
0.05927151
-0.16200827
-0.14494668
-0.019213786
0.008133616
-0.14065433
0.02526427
-0.041501883
0.18774217
0.25823358
-0.102079384
0.05009822
0.18308003
0.2240196
0.006731724
0.21957524
-0.0839859
-0.12600917
0.03534129
0.29449713
-0.108065896
0.046780236
0.018797116
0.4002433
0.28807572
-0.0916352
-0.17951742
-0.105354704
0.06912395
0.016903732
0.009507964
0.025264341
0.1270942
0.00063657854
0.00072155794
0.22485578
-0.07552949
0.18187001
-0.14933829
-0.115952246
0.06920985
0.48667625
0.036587153
-0.26581255
-0.07514937
-0.25597158
-0.23832442
0.023626255
-0.24598575
0.088561684
0.16928151
-0.11591817
0.04581589
0.22961704
-0.049105085
0.017396592
-0.17407261
-0.20240322
0.3014334
-0.020299966
-0.0048734867
0.05590208
-0.057580296
0.24556185
-0.025876075
0.34488863
0.0064217364
0.14850304
-0.18471837
0.18307938
-0.04590989
0.10905622
0.009344254
0.31004295
0.09708019
0.134673
-0.14374751
0.29399616
-0.021160703
-0.0048909336
-0.12901261
-0.10910585
0.25232637
-0.07636393
-0.11045895
-0.22125459
-0.06905224
0.045278233
-0.16566831
-0.24482109
-0.14076787
0.47901973
-0.32513198
-0.14155571
-0.19590794
-0.058745768
-0.1198781
-0.17093432
-0.013262356
-0.28117096
-0.1588873
0.025132544
-0.14682962
0.03151328
0.05476233
0.12250688
-0.016620344
-0.35318193
0.3684578
0.117229305
-0.06960519
-0.10599655
0.08542445
0.077452645
0.18044193
0.26531574
-0.19065312
-0.03403988
-0.20776266
0.007813479
0.1348286
-0.19908881
-0.026769144
-0.11969126
-0.07412045
-0.076486245
-0.16679014
-0.12956563
-0.15062355
-0.24499121
-0.07545124
0.14141133
0.15810178
-0.303171
-0.081195325
-0.077487715
0.041098896
-0.028938176
-0.062203698
-0.1588789
-0.10048427
0.29759672
-0.04843937
-0.14998223
-0.22483659
0.030006338
-0.2758014
-0.10811712
0.15533867
-0.30930296
0.046896655
-0.12530683
-0.21008037
0.1665784
-0.08982612
0.29902416
-0.13091747
0.07582969
0.0328837
-0.21830887
-0.053960502
0.16670951
-0.053724866
0.19531986
0.050813787
0.1397448
-0.19883007
-0.113009535
0.018352041
0.04112532
0.28374413
-0.18300879
-0.2731054
0.09983635
0.12457523
0.25578073
-0.09003979
0.047721993
-0.16551538
-0.13654909
-0.073782206
-0.32424277
0.18151796
-0.33048612
0.07450967
-0.184317
-0.019443048
0.29033238
0.26364693
-0.18499103
0.30774057
0.39040804
0.054615468
-0.33542994
0.14891057
0.18871237
-0.19353081
-0.076234244
0.07457573
-0.07651706
-0.33256286
-0.31608656
0.03428402
0.3148846
0.019641122
0.3331894
-0.028487096
0.091803655
-0.1927048
-0.2581004
-0.009093568
0.10179728
0.034320652
0.05963983
-0.02229111
-0.06485781
-0.3451689
-0.07181515
-0.1658943
-0.32437235
-0.04787034
0.025753155
0.18168415
-0.024582861
-0.071500994
0.19699807
0.02681832
-0.07086944
-0.2327042
-0.2077337
0.19702585
0.045329846
0.13992576
-0.027753135
-0.20769994
0.05044958
-0.18623373
-0.034817535
0.05999468
-0.11152747
0.10692554
0.30573338
0.1578133
-0.25223148
-0.124155916
-0.07491148
-0.22205779
-0.28722715
0.027256161
-0.19609818
0.00021744544
-0.0116193835
-0.20473939
0.12897412
0.005782984
0.33423766
-0.10507971
-0.11199589
-0.22458936
0.12162855
0.13914028
0.24435055
-0.05964272
0.09417735
0.21913716
0.08506336
0.093169995
-0.100034855
0.20142515
-0.3724133
0.061722003
0.015594281
-0.15092607
-0.0035827835
-0.14536293
-0.26603946
0.11823379
-0.20000827
-0.30392683
-0.17984451
0.06414954
-0.39963686
0.13281609
0.029933563
-0.19071528
-0.06692829
0.088465475
-0.016290748
0.13791539
-0.26368752
-0.0052175918
0.25880554
-0.008223459
-0.034158133
-0.2308859
-0.1574381
0.07654678
-0.41202146
-0.23871122
0.041831672
-0.15619929
0.03955377
-0.004203304
0.053686146
-0.06934824
0.19514069
-0.17569727
0.198683
0.0038041458
-0.26935828
0.28616834
-0.028317243
0.19544628
-0.28140363
0.3048941
0.16843237
-0.0733526
-0.19122097
-0.035552114
-0.13879375
-0.25970975
0.19728729
0.22561345
-0.039766338
0.0387998
0.2322266
0.18815175
-0.108427875
-0.11842894
-0.16205733
-0.11672065
0.0026564328
0.18869671
0.15379316
-0.12632562
-0.05986472
0.06699235
0.07780837
0.1615847
-0.060624953
-0.26630697
0.20323835
0.07392797
0.08753696
-0.012497943
-0.34237838
-0.059873816
-0.1931048
-0.033050634
0.31133693
-0.16675761
-0.0022509787
-0.082007766
0.20633022
0.110238105
0.16122139
-0.27240458
0.12542817
-0.067657724
0.187087
0.05610995
0.16221026
-0.038700964
-0.18714927
0.0040366845
0.031890478
0.005178562
0.036500778
-0.067616664
-0.1273049
-0.09406982
0.037685737
-0.036832247
-0.006455162
0.13267918
-0.09732525
0.081341185
-0.22705474
0.027414778
0.031309396
-0.117815256
-0.005001914
-0.13212708
-0.050464317
-0.06887688
0.22928129
-0.07037099
-0.2210515
-0.29272443
-0.08908707
-0.19686225
0.027178654
-0.08963503
0.11934967
-0.1826953
-0.1364065
0.13805619
-0.16798286
-0.13145614
-0.2132566
-0.015856542
-0.012692604
0.009642423
0.0617685
0.03435925
0.04411077
-0.018076314
0.07855315
-0.18611693
-0.11432422
0.122671194
-0.12616037
0.14591555
0.012571278
-0.043179534
0.05435077
-0.17638174
-0.22613856
-0.020974496
-0.061305325
0.053320445
0.064313255
-0.013744477
0.117570415
-0.1413823
0.047723036
0.15023911
-0.024269575
0.07062847
0.0059002144
0.10697122
0.16670792
0.15824714
-0.05924925
-0.1242282
0.057156388
0.014098162
-0.02596142
-0.23802117
-0.08286272
0.10025618
0.2659063
-0.09577248
0.17201294
-0.12670185
-0.1999833
-0.13343431
-0.21009798
-0.21923327
0.09332098
-0.080381505
0.13829777
0.007481515
0.1513677
-0.03697372
0.09207758
-0.11844894
0.2548913
-0.015863724
-0.08939164
0.19438395
0.06638361
-0.12717597
-0.3305772
-0.2311918
0.21273455
-0.09313921
0.034279186
-0.11882747
0.038934946
-0.28435665
-0.19055146
-0.060522586
0.09890882
0.0671079
0.12653518
-0.06041331
0.22861102
-0.014183998
0.012380244
-0.01943495
-0.12051963
-0.010161023
0.10084688
0.07416028
-0.14122182
-0.009972617
0.24022587
-0.3780912
-0.2532261
-0.17215294
-0.17654333
-0.092537045
0.2851269
0.24761662
-0.08832177
0.20489924
-0.17753358
-0.025186611
0.02030005
-0.06516482
-0.1123712
-0.021507703
0.085739754
-0.10021394
0.0849902
0.034944907
0.16882627
-0.05405457
-0.075805865
0.025749218
-0.012930441
0.13456303
0.03432586
-0.02811332
-0.22901875
0.070834205
-0.23621595
0.13309023
-0.22431648
-0.01383616
-0.23941582
0.12058751
-0.004493625
0.048147354
-0.19093713
0.34219345
0.18631864
-0.025296021
0.016986081
0.09326967
0.074911796
-0.17614004
0.08231879
-0.020549892
0.1975133
0.07273321
0.13485713
-0.38759738
-0.22404906
0.21603195
0.13196695
-0.10613429
0.103674084
0.06382123
-0.022342315
-0.19235292
-0.01744589
-0.12343235
-0.11689566
0.0014568942
0.12573779
-0.009312042
-0.23819289
-0.18048023
0.16341999
-0.049754694
0.18064432
-0.23416339
0.18710996
0.18969151
-0.1490866
-0.0885622
0.03524886
-0.13202593
0.17910086
-0.09391025
-0.24362321
0.17897907
-0.098561496
-0.11975525
-0.11316851
-0.15667944
-0.17986421
-0.036642537
0.050204895
-0.06870869
-0.17742611
-0.009075109
0.12035329
0.21352392
-0.09337268
-0.024290243
-0.11395561
0.07591412
-0.14264658
-0.055984184
0.036321387
-0.22753392
-0.15699475
0.13936372
-0.1098691
-0.02804816
0.056108646
-0.06485495
-0.30765238
-0.26208493
0.24197981
-0.102335684
-0.059059214
0.025944041
-0.13173139
-0.021735977
0.23405185
-0.16338372
-0.06716844
-0.19655612
0.05081311
0.082733154
0.08351485
0.117014
-0.031879675
-0.12218401
0.100575514
-0.26556495
0.079203166
-0.2415541
-0.028757194
-0.12537317
0.14992218
-0.21297882
0.040336244
-0.11686264
-0.17871661
0.029082714
-0.051617797
0.053355318
-0.026618632
0.19424467
0.17250003
0.0034403256
-0.13595605
-0.08203911
0.052077904
-0.11677963
0.0049310466
0.12064914
-0.13454291
-0.12945041
-0.012519061
-0.12112543
-0.12916808
0.036726072
0.03948504
0.055414107
-0.04338592
-0.06905638
0.08524053
0.1763956
0.02640157
-0.002005727
-0.17275459
0.31012383
0.35633707
-0.30998892
-0.038155857
0.020471731
0.069808826
0.16222517
-0.09033019
-0.2518014
-0.3881794
0.18595484
0.1904387
0.028332781
-0.1329106
0.21130377
-0.09661928
-0.2458239
-0.11556605
0.083260626
-0.27985194
-0.19042432
0.08117743
-0.06160718
-0.191499
0.20675491
-0.0051298686
0.15736873
-0.021601213
-0.07329856
0.14236319
-0.20074554
0.07906411
-0.07130675
0.020287015
-0.19742286
0.017382916
-0.13528368
-0.26475576
-0.059056185
-0.030491617
0.16842538
0.20503217
0.106616445
-0.035022333
-0.060287785
0.29442653
0.11064149
-0.42554882
-0.3160108
-0.19658096
0.091507465
0.12108514
0.014942048
0.30868033
-0.37727922
0.098365
0.12900878
0.04937598
-0.06464262
0.019104816
0.10122993
-0.003101918
-0.011368651
-0.03067884
0.17082638
0.009361475
-0.043492123
-0.15886945
-0.057879284
-0.08200864
-0.029914835
-0.23466977
-0.03758076
-0.05118926
0.3939748
-0.18953927
0.092304915
0.19420898
0.13774243
0.082243755
-0.16357
0.2334143
0.124796264
-0.07011709
-0.22507155
0.063834034
-0.1609636
-0.10020065
0.33551222
-0.27070585
0.096720114
-0.029460816
0.26046532
-0.042059608
-0.2370936
0.0802097
0.13185233
-0.06864624
-0.15248412
0.059545457
0.3433218
-0.00904954
-0.16152662
0.32551524
-0.13847692
-0.085027345
0.07644785
0.18200038
0.22331637
0.15037577
0.27316558
0.35665494
0.038633782
0.105966136
0.3624481
-0.1653212
-0.17081629
0.13568386
-0.0061616474
-0.2566894
0.16658776
-0.06106638
-0.02174498
-0.089368366
0.12892103
-0.00773839
-0.09703244
0.009857604
0.29796672
-0.08376354
-0.2714323
-0.10814659
-0.060280003
-0.13259456
-0.18663722
-0.1575018
-0.013959604
0.022651598
-0.055423576
0.108979784
-0.19135004
-0.16347824
0.3224839
-0.15597408
-0.42172328
-0.20669319
0.18102026
0.043407824
-0.4332257
-0.37294695
0.20342432
-0.12553564
-0.09831474
0.04960556
-0.0956336
-0.30050513
-0.05901114
-0.21547839
-0.21958731
0.118446164
0.342214
-0.12613131
-0.22441348
0.11259578
-0.053908393
0.14058141
-0.13357325
0.1332617
0.16487339
0.0250282
-0.05542724
-0.1265229
-0.22599576
-0.2143782
-0.23448406
-0.2764701
-0.14672571
-0.31118795
-0.18784882
-0.087389335
-0.23460466
0.022558706
-0.1877159
-0.10944257
-0.2820418
-0.123891495
-0.18296194
-0.0652118
-0.0036880379
-0.17079958
0.1262837
-0.24747963
0.2584949
0.12701617
0.2021297
-0.08638426
-0.08101203
0.09495583
0.29468095
-0.38133755
-0.26060238
0.13332193
-0.26183984
0.14665762
-0.14518124
-0.014274325
0.2653156
-0.17288958
-0.21310474
0.12959091
-0.06386792
0.067023605
-0.08024275
0.1388815
-0.36138996
-0.14119823
-0.0898793
0.031876132
-0.09783531
-0.20113224
-0.063107856
0.14339735
-0.2496409
6.4862754e-05
-0.18321104
0.08856249
0.008027633
-0.29667032
0.17947721
-0.17689505
0.028319463
0.17485908
-0.07715049
-0.1777219
-0.16467674
0.08953624
0.0004352968
0.27817807
0.0016233493
0.2950823
-0.12831531
0.18425588
0.03069305
-0.061856087
-0.12277547
-0.30692863
