0.06421557
-0.0051914086
-0.04673598
-0.024279084
0.0054279873
0.043367878
0.02324058
0.06463944
0.077398576
0.004429629
0.0798428
0.10901905
0.025885072
0.0046910783
0.009987925
-0.016050825
-0.010922733
-0.06106276
-0.0049575726
0.07819934
0.019590082
-0.07208305
-0.071958795
0.042089567
-0.041872393
-0.05457317
-0.003288093
0.0047790296
-0.050929446
-0.010141942
0.030415585
0.018440608
-0.04934411
0.069482625
0.124088146
-0.0805497
0.025223069
-0.076974936
0.05372703
0.0033431177
-0.0747142
-0.0672423
0.04522413
0.1738828
-0.01989008
0.025703752
-0.041102752
0.029334502
0.06870116
0.06545319
