0.14313303
-0.32199958
0.28933057
0.15592586
-0.23826309
-0.11772685
-0.074761994
0.04828795
-0.15880139
0.16859628
0.122223794
-0.036494188
0.13838528
0.113764994
0.15064265
-0.1599843
-0.020203501
0.25038886
0.20760655
0.19918695
0.106622875
0.048806384
-0.19432987
-0.1623263
0.046336047
0.24951348
-0.06715523
-0.33162972
0.23026086
-0.18229315
0.03402669
-0.009632492
0.07725239
0.09809507
-0.14062132
-0.23123646
-0.24965395
-0.060577445
0.12963656
0.14256497
0.039046727
0.3045938
-0.14303508
0.052795026
0.009854256
-0.2647929
0.08321346
-0.0015855385
0.23342283
0.14568667
0.1669248
0.47961304
-0.22463758
0.12597984
0.16768363
0.11982089
0.083544515
0.14735955
-0.18885137
0.5822565
0.22405535
0.069065236
-0.00046252392
0.0568726
0.19981316
-0.100495145
0.0013845807
-0.030825853
0.10003745
-0.16426982
0.10373715
-0.33550283
0.16949841
-0.1864127
-0.19649954
0.055026922
0.12229135
0.09488188
-0.22755209
-0.23836182
0.013576233
-0.16513371
0.34290844
0.18789811
0.16989027
-0.38162225
-0.031374756
-0.061348982
0.025376104
0.012059611
0.020711645
0.0063919974
0.028156606
-0.018282304
0.11634809
0.028668035
-0.20323285
-0.2415163
-0.07483909
-0.3652419
-0.12437547
0.007499885
0.26638997
-0.057603173
-0.0008505065
-0.21714586
0.27347988
-0.002426604
0.11848502
-0.38331908
0.2252843
0.0016756426
-0.08562264
0.19110352
-0.033929627
-0.017727138
0.15431225
0.17435364
-0.15310016
0.09350328
-0.16315687
-0.028125048
0.10423029
-0.33332947
0.012543146
-0.2859629
0.005505856
0.2709549
0.059977554
-0.007451094
0.031362712
-0.10863971
0.23386317
-0.04470269
-0.04831728
0.16168763
-0.16213584
-0.15952161
0.04353812
0.12467644
-0.07946074
0.29937357
0.044487145
-0.29122794
0.07097013
-0.05073408
0.15739992
-0.337685
-0.07406119
0.02278758
-0.18872483
0.016821105
0.18695809
0.08812575
0.121233225
0.24987364
0.39058116
-0.17653146
0.060095266
0.17438297
0.43136302
0.17847568
0.071134225
0.027949778
-0.060419932
-0.13293266
-0.17572843
-0.16825365
-0.37803733
-0.04040694
-0.030054653
-0.008996404
-0.34064347
0.03544957
-0.07780218
0.2016487
0.11077478
-0.09367276
0.21068236
0.1503519
0.112757094
0.022853812
-0.10856381
-0.13986483
-0.14946212
-0.08636869
-0.0951858
0.030019747
-0.027046261
0.08574321
0.042784106
-0.16218671
0.05858792
-0.20799544
-6.958355e-05
0.10507039
-0.0524281
0.13961329
-0.20421802
0.15458643
-0.37530768
-0.1916474
-0.070606254
-0.10674416
0.25149578
-0.17143281
-0.25661823
-0.37220114
-0.20142578
0.02329756
-0.10998225
0.26822823
0.04268917
0.05765711
0.011425561
-0.022663705
0.055372685
-0.17545702
0.04929009
-0.2261349
0.25807384
-0.19217698
-0.090341024
0.031371687
0.13623522
-0.1497984
-0.020340456
0.2011306
-0.15783425
0.00089114346
-0.07592175
-0.24568427
-0.031725727
0.033338714
0.030404527
-0.26686165
-0.06731878
0.1839784
0.042588674
0.12741052
-0.12495371
-0.33918616
-0.07031243
0.07517303
0.12560429
0.07143304
0.2518956
0.13835894
-0.21363342
-0.07795675
-0.259833
-0.27711487
-0.22390425
-0.1606572
0.06499698
0.39679387
-0.24811885
0.47685137
-0.14169121
-0.026285708
-0.27001655
0.10054937
-0.09663052
0.24511813
0.07293996
-0.13816336
0.14926815
-0.029753923
-0.24393044
0.07414053
-0.07493291
0.06040522
-0.071489565
-0.2121586
0.03582857
-0.13021573
-0.01425838
-0.059557013
0.015741792
-0.112852685
-0.039103553
0.40136564
0.01150736
-0.16072673
0.2137889
0.09490193
-0.031783752
0.033325344
0.048624724
-0.09059924
0.12991208
0.0071256543
-0.06806569
-0.057234373
0.10299679
0.19211645
0.061070554
-0.029609598
-0.050073095
0.037048712
0.0042719017
-0.3173683
-0.092535324
0.27088633
0.055341046
0.1571507
0.14331897
-0.2848319
-0.12411338
-0.13490604
0.37044182
0.1915183
0.04151784
0.15607785
0.015569421
0.11506096
-0.12555856
0.20921066
0.10953925
0.10072732
-0.24120088
-0.050530568
0.06087386
-0.047219343
0.106361896
0.011153037
0.12981974
0.3536353
0.024166148
0.02480178
0.1791622
-0.08955195
0.0038058427
0.22744936
0.30870724
0.12878793
-0.07044855
0.10568236
-0.10631207
0.06966241
0.2191365
-0.16304024
0.24963596
0.29527017
0.28539395
-0.012643812
-0.047537923
0.10537551
0.20541793
0.23424341
-0.13186105
-0.095498934
-0.04799776
-0.20988269
-0.040443324
-0.13463576
-0.079558164
0.42479974
0.06880769
-0.02343619
0.17893139
-0.35437483
-0.0999491
0.16912624
-0.044991627
0.1199268
-0.2111992
-0.22235493
-0.0482068
-0.073497824
-0.1901184
0.267338
-0.081152834
0.32687697
0.0973168
0.17107692
-0.15916911
-0.26677936
-0.0039966865
0.075217254
0.047116037
-0.054165184
0.08670128
0.16574498
-0.15729292
-0.24420908
0.11917069
-0.2365666
0.0087991245
0.06519929
0.1385493
0.08822519
0.07277258
0.082341835
0.19760858
0.22441052
0.13652855
-0.3848214
0.29123893
-0.26996958
0.08779338
0.38871694
-0.4003507
-0.08577716
-0.21843712
-0.14895415
-0.26689
-0.026951563
-0.10633993
0.19312489
0.2527348
0.17665778
-0.06643024
-0.082338944
0.37231597
-0.0040924116
0.22406799
-0.18358743
0.039627858
0.03294834
-0.24789721
0.00482022
0.083671734
0.11543487
-0.16307513
0.15074436
-0.12854089
-0.15928787
-0.02706756
0.027633578
0.13089307
-0.17866284
-0.2828467
0.25341764
-0.11975671
-0.13886672
0.24258049
-0.079248555
0.27061275
-0.058367744
0.118016094
0.019737838
0.036988787
-0.20682289
0.0024153339
0.2890896
-0.09894311
0.3089135
0.21147442
0.02319271
0.04281304
-0.0069587044
-0.01623899
0.0044814046
0.14151885
-0.086155474
-0.17137797
0.0054592965
0.23495248
0.2852939
-0.04390021
0.2379984
0.07563994
-0.19167954
-0.24936879
-0.20952177
0.13485007
-0.011738817
0.10860355
-0.02644694
0.1910221
-0.123242185
0.09183612
0.12884918
-0.08124807
-0.01003737
0.050029516
0.088264406
0.18849525
-0.25553796
0.23344836
-0.04055806
0.14523444
-0.1351379
-0.20367616
0.027337553
0.38492367
-0.21901096
0.37599188
0.018403627
-0.13603774
0.032882128
-0.11285341
0.1715132
0.08599442
0.124510124
-0.10910999
-0.012407839
0.26324
-0.2638965
-0.14795555
-0.18909541
-0.15085326
0.0139856115
-0.08103213
-0.0041274675
0.056153186
0.22158125
0.008098967
-0.1360761
0.23333369
-0.004043411
0.04843375
-0.19500808
0.08038032
0.020241253
0.11486272
0.13986833
0.26135328
-0.13644387
0.08278256
0.28460008
0.106483094
-0.17961457
-0.05276983
0.122020006
0.34725103
-0.32498673
-0.14922406
0.13424985
0.1095606
-0.02623837
0.15582158
-0.10096432
-0.1736644
-0.12197877
-0.013768744
-0.27834567
-0.10367096
0.11490754
0.05142698
-0.070234396
0.027033353
0.035666242
0.17555073
0.05551336
0.07791347
0.14827918
-0.35319406
-0.030750683
-0.016618466
-0.19985104
-0.36093193
0.06462763
0.1896697
0.260533
-0.28572366
0.13591005
0.15531427
-0.07997085
0.024669021
0.34191355
0.29454502
-0.05618977
0.16394413
-0.010116526
-0.14918494
-0.30555427
-0.025561178
0.07736094
-0.016264502
-0.21061903
-0.24658258
0.08625899
0.18475007
0.22984363
0.19277474
0.18527104
0.27955976
0.07580664
-0.38369182
-0.32914838
0.075564206
0.015547173
0.078455366
0.27885568
0.22078823
-0.10649832
-0.25922504
-0.31656134
-0.058433134
-0.026702458
-0.11564731
0.21831957
-0.21460943
0.09835522
0.21926083
-0.22454315
-0.22348557
0.20320399
-0.28767812
-0.14534517
-0.32649794
-0.052912366
0.22846392
0.14942142
0.18708168
-0.13988991
0.26739052
0.034206755
-0.3815791
-0.06195115
0.21055764
0.11449925
0.22184311
0.08356286
-0.3040046
0.19910897
0.11676128
-0.11554215
-0.14957415
0.024106065
0.07688262
-0.10230594
0.0045314743
0.1282296
0.044541307
0.1602589
-0.027579991
-0.3505139
-0.087165184
0.0761564
-0.085072026
0.1747849
-0.10205059
0.19980927
0.08479478
-0.11779107
0.15178604
0.19065993
0.124798
-0.30709094
-0.228209
-0.13999043
0.04922913
0.069908544
-0.18783481
-0.19939443
0.1170946
0.03973717
0.123646945
-0.061676577
0.15571184
-0.22590664
-0.07459107
0.017178087
0.073337756
0.026427452
0.027093219
0.059241965
-0.05129542
-0.08129152
0.2058867
0.21171677
0.42122588
0.0061646984
0.030918283
-0.10478124
-0.31322935
0.03038789
0.09353306
0.1737317
0.2164818
-0.11064885
0.24243139
-0.15198386
0.17061725
0.046401564
-0.28409842
-0.11602184
-0.03565576
-0.0112479245
0.10873884
-0.014562993
-0.24797586
0.5311092
-0.04525175
-0.07509277
-0.13927378
0.22268347
0.29504946
0.0979031
0.060685735
-0.14660813
0.0726564
0.2405627
-0.20784388
0.120561376
0.06933031
-0.18012097
0.15389208
-0.16634595
-0.05790056
-0.25714058
0.078692526
-0.06728233
-0.027089538
-0.12985526
-0.13023198
0.09034163
-0.039367083
-0.012379702
-0.21473052
0.14083792
0.23630403
0.004662334
0.1530199
0.028744044
-0.27246803
0.053370286
-0.17972027
0.14350641
-0.03860384
0.015844893
-0.18176563
0.1603437
0.09658056
0.02353923
-0.03155183
0.14915673
0.025974626
-0.10553751
0.39265347
0.25460684
-0.25172293
-0.019722147
0.4845642
-0.08794754
-0.078940004
-0.15672792
0.015662873
-0.1980008
-0.06990841
-0.0961434
-0.3260413
-0.05796809
-0.22472166
-0.29897884
-0.06970638
0.11234168
-0.35586908
0.09593715
-0.21096487
0.027947461
-0.11674267
0.2556745
0.0832881
-0.05312247
0.0649368
-0.0206609
0.037988458
-0.038282096
0.060384683
0.37549707
-0.28385016
0.027750392
0.18367137
0.22999705
-0.12111485
-0.108300075
-0.048966195
0.26935422
-0.107705645
0.04840368
0.24991633
-0.12948768
0.29383883
-0.27496815
-0.02576631
-0.26421514
-0.045985088
-0.025612446
-0.10523682
0.20377235
-0.080014884
0.19554642
0.30394843
0.1063569
-0.1064317
0.11144001
0.16966479
0.01228487
-0.084382355
0.04812773
-0.08581852
0.052350637
0.15721059
-0.037292354
-0.19403878
0.05373154
-0.11893538
0.12503861
-0.2931736
0.23426464
-0.2817959
-0.12382214
0.06527679
0.05058359
0.055033814
0.16396725
0.03674545
-0.009479476
-0.016140059
0.015438958
0.02777299
-0.17809418
0.16787504
-0.4309209
0.03659898
0.20008484
-0.07321215
-0.25722548
-0.0037032089
0.13594258
0.12144744
0.04648556
-0.051685095
0.07498885
-0.20266023
-0.02119889
0.079709694
0.35494748
0.25174782
-0.19460978
-0.06020518
-0.29230127
0.15780784
0.14885718
0.21744326
0.06804547
0.22905141
-0.04969061
-0.11347793
-0.15239364
0.23691076
-0.39984816
-0.20972385
-0.062981404
-0.027212119
0.09785516
-0.259263
0.25992635
0.16251446
-0.106924064
-0.015811889
0.12921447
-0.109384306
-0.2641463
-0.0008493936
0.10541937
-0.021741774
-0.095890924
-0.44131008
-0.24148338
-0.11145564
-0.29550436
-0.24851957
0.15684396
0.17869109
0.20141916
0.053958815
0.10487613
0.31619218
0.058047134
0.101468794
0.05732361
0.21066374
-0.11670322
0.025948463
0.104293816
-0.1506976
-0.057408355
0.061136648
0.1997486
0.19941714
0.17427178
-0.1628682
0.15008295
0.1109998
-0.02483925
0.0038108565
0.2371231
0.14456816
0.2544439
-0.108366504
0.115815125
-0.11850395
0.018544873
-0.20563003
-0.24174197
0.0036150692
0.070628144
-0.18627779
0.48947054
0.044132188
-0.1096555
0.09452301
-0.056728866
-0.12885952
-0.0013155782
0.12198889
-0.08964258
-0.2074599
-0.1514738
-0.14110993
0.2428807
-0.041581277
0.03874468
0.17539723
0.24841283
0.23799959
-0.24559242
-0.21970677
-0.17116012
0.07332625
0.40152928
-0.22720769
-0.052582007
0.41607985
-0.17525496
0.30401823
0.10557973
-0.028449079
0.11771693
-0.14111584
-0.1396837
-0.034528457
-0.006664633
-0.06977378
0.16649528
0.15901864
0.13173828
-0.12077909
-0.11955562
0.13370505
0.29094717
0.029812796
0.16248201
-0.3478968
-0.21411894
0.42697456
-0.0048282035
-0.17153366
-0.07731333
0.038844053
-0.19454162
0.14051108
0.1899575
-0.08512583
0.01591146
0.279881
-0.40978345
-0.14713249
0.10049736
0.17639995
-0.058975868
0.28450125
-0.27488878
0.30752704
0.27094445
0.17134759
-0.07201385
-0.038500194
-0.029687217
0.19487111
0.31133094
0.089138255
-0.034987677
0.28195384
-0.33678308
-0.039700415
0.20136696
-0.21854785
0.11196652
0.18354934
-0.05946391
-0.16761121
0.004382133
0.12578566
0.14701799
-0.24164608
-0.25647298
0.017598366
0.04447175
-0.033215377
-0.15072055
0.19080435
0.21289067
0.13710532
-0.00026727104
0.0065537845
-0.1667446
0.037076302
-0.2368731
-0.19953154
-0.09565738
-0.09962337
-0.10673825
0.08704071
-0.2790335
0.02278294
0.06985692
-0.0314406
-0.18603803
0.057715114
-0.16926046
0.017824125
0.12389798
-0.24248822
-0.18128957
0.09942293
-0.1695016
0.19048676
-0.00069489935
-0.06559665
0.29102865
-0.16641244
0.35512573
-0.073415734
-0.16566406
0.07880112
0.011403488
-0.111474596
0.25925434
0.057080448
-0.018827187
-0.17491727
-0.30598137
-0.510028
0.111941285
0.07095643
-0.024129458
0.0758463
0.04716405
-0.286057
-0.24889518
0.03593484
0.09924278
-0.13374132
0.124378525
-0.32812008
0.1431335
0.31589732
-0.047365896
-0.18305415
0.05279619
-0.26131722
0.026478201
0.28191343
-0.11718769
0.3532899
-0.123165004
0.10842134
-0.13075444
-0.19712077
0.3739319
0.101955354
-0.11779087
0.2109199
-0.09482123
-0.07431878
0.050635584
-0.2269793
-0.26010615
-0.15360014
-0.010919536
0.31397662
-0.11286826
-0.10489505
-0.044482198
0.12673932
-0.02604248
0.015598181
0.31158307
-0.3870294
0.06003211
-0.008758838
0.11448428
-0.20915385
-0.16772375
0.17010577
-0.010877021
-0.0022278181
-0.115392365
-0.25607774
0.13303609
-0.10908067
-0.014944785
0.2514377
-0.17804816
0.024544306
0.22227283
0.16737185
-0.16730677
0.15274945
0.009551126
-0.2609371
-0.15462585
-0.24880931
0.07176595
0.09815476
0.23769003
-0.010808458
-0.10270661
-0.07941372
0.082326144
0.22429253
0.2000702
0.008200055
0.08125134
0.011843366
0.29184893
0.4740352
-0.025306206
0.18509834
0.14904797
-0.09881463
0.27141863
-0.38070628
-0.05923543
-0.045814388
0.11091151
-0.0027994304
-0.106615394
-0.03370927
0.21130477
-0.021205654
0.29617882
0.30910128
0.10822079
0.069905095
-0.016998751
-0.031043781
-0.12432225
-0.060418397
-0.080244474
0.18357143
-0.09717154
-0.021945147
-0.1158828
0.2029884
0.03102998
-0.20501241
0.109411195
-0.04147111
-0.2276566
-0.08989706
-0.039748862
0.39706573
0.2605594
0.13208818
0.034151714
0.037647303
-0.05147821
-0.1288233
-0.34436044
0.10544697
-0.24938135
0.22059055
0.12822787
-0.30062416
-0.0728463
-0.034447223
0.029315578
-0.011550631
-0.0050057927
-0.37836385
-0.31825784
-0.1204519
-0.009243107
-0.04918595
0.088394135
0.16435555
-0.03659671
-0.0742114
0.052755997
0.16080685
0.10477315
0.21682027
-0.25401554
-0.01237427
-0.35647407
0.23951663
0.09463691
-0.03444644
0.2464002
0.08009201
0.14866629
-0.22872843
0.2608234
0.09236035
-0.23498692
-0.01928095
0.2277812
-0.17458667
0.06729759
-0.055760477
-0.10819188
0.023955418
-0.18384506
-0.12449535
0.021146864
-0.27546126
-0.21598317
-0.011877025
-0.082635164
-0.3301418
0.11583638
-0.19552529
-0.060784325
0.20440699
0.16853274
0.059438158
0.12460422
0.27315173
-0.05693549
-0.09656224
-0.09045763
-0.21891688
-0.3575365
-0.19718085
-0.04637478
-0.33073142
0.19410521
-0.31705555
0.08950356
-0.08871532
0.13844247
-0.12879403
-0.34096968
-0.33763593
-0.029234594
-0.06712599
-0.22163792
0.09088172
0.18865673
0.50151944
0.17131741
0.4132519
0.14350146
0.0012091657
-0.043902654
0.044438183
0.06958113
-0.30037197
0.075999014
0.0934189
0.062407717
-0.06854304
0.070857204
-0.16281982
-0.1594755
0.107745424
-0.1568516
-0.19637999
0.000608436
0.056236558
0.2072661
-0.06083727
-0.0100906
-0.043959443
-0.13143341
0.075153366
-0.05030616
0.07113706
0.12780742
0.15690707
0.02071594
0.33099368
0.031691723
-0.23639132
0.0991304
0.041759197
0.01721362
0.14983766
-0.16100135
0.33628607
0.01976886
0.008594919
0.060108382
0.28083628
-0.2459426
0.56246483
0.022986075
-0.094347954
0.023454983
0.08074084
0.08364791
0.14166647
-0.1033949
-0.14345276
-0.11603021
-0.0018244841
0.019638168
-0.14194039
0.11049336
0.03071071
0.17220779
0.05951688
-0.24282458
-0.15662956
-0.03515692
0.15502095
0.21781272
-0.21839339
-0.0068873046
0.025393642
0.021161
-0.11578439
0.32512635
-0.3810535
-0.09341041
0.0047060857
0.38335463
-0.04173294
-0.18711051
0.41419122
-0.033614483
0.012667046
-0.26535496
-0.09421156
-0.0085682105
0.29632938
0.1381844
-0.0668987
0.077249125
-0.2137083
0.1519148
0.07108246
0.14966656
-0.10657766
-0.15140994
0.21723329
0.06731366
-0.11995977
0.454087
-0.043100074
0.01805688
-0.16998877
-0.309405
-0.1568585
-0.09098501
0.2733969
-0.003428843
-0.19162859
0.12769791
0.22849326
0.15130271
0.01799142
-0.25274754
-0.21459283
0.18572833
0.11662083
0.08294778
0.102462426
0.12353352
-0.057790395
-0.098835416
-0.32830286
0.026307674
-0.16856232
-0.023067186
0.03557894
-0.34224835
0.15895896
0.3325357
0.002443937
0.023029344
0.13879718
-0.22315319
-0.030288313
-0.37618113
-0.02888942
-0.033596233
0.37989166
-0.033150073
0.08256257
0.14396435
-0.20458286
-0.18584846
-0.20761664
-0.30885535
-0.014702153
0.15421484
0.049408678
0.05474866
-0.13567212
-0.28949115
0.048219007
-0.05782861
0.3250671
-0.07981388
-0.016319655
0.18010971
-0.2792207
0.36249
0.04337437
-0.13450961
-0.112333626
-0.14964546
-0.03480443
0.018195441
0.36141735
0.09111638
-0.022682939
0.15681715
-0.11275119
-0.2642047
0.10036765
-0.2389048
-0.06637104
0.34275645
-0.17920426
0.11058905
-0.100807145
0.15984942
0.08412039
0.08013094
0.18477601
-0.32057613
-0.020940043
-0.09581796
0.07463521
0.15616187
0.10618787
-0.12721309
0.0071569337
-0.33243042
-0.021033566
0.04740622
0.23133275
0.050424594
0.030970696
0.03697976
-0.27707285
0.35482243
0.008649528
-0.02653409
-0.34208456
0.17055808
-0.063464895
0.20346
0.14232732
0.049976785
0.22798564
-0.19891775
-0.16861287
0.040364772
0.022512896
0.086095996
-0.21019056
0.18601385
-0.13059814
0.10002435
-0.14457572
-0.035827097
0.29653257
-0.035422623
0.10755877
0.16253953
0.14592737
-0.14512141
-0.18118621
0.22219552
-0.115185544
-0.054940708
0.019054178
-0.1489568
-0.20417076
0.20195635
0.29491836
0.10068901
0.08625386
-0.08321979
-0.1461322
0.31055358
-0.11392227
-0.13570678
-0.1581565
-0.13971989
0.06254464
-0.16908093
0.06136538
0.023888756
0.33801728
-0.043269757
-0.04408683
-0.30551562
0.087852776
0.3957196
-0.03929058
-0.05936357
0.13201353
0.35998553
0.34977242
0.0935933
0.08057645
0.018832298
-0.09790526
-0.15858224
0.30823296
0.07505309
0.046384502
-0.25268686
-0.20734069
-0.12217458
0.18719257
-0.1727066
-0.02412662
-0.1441569
-0.09450197
-0.035779957
-0.010663193
0.04233958
-0.13844909
0.057869233
-0.23034942
-0.29226792
0.21127602
-0.014998076
-0.17533529
-0.07324593
0.044216428
0.21313937
0.18792734
0.0804531
-0.1358556
-0.028117295
-0.11319492
0.18676142
-0.0002468069
0.039049387
-0.10240625
-0.4038989
0.21444967
-0.15898891
-0.24028188
0.18699549
0.0998586
-0.21522616
-0.10054635
-0.013274195
-0.030338852
-0.28624332
0.04856883
0.11278398
0.15735261
0.18166675
-0.1638428
-0.10456344
-0.03822409
0.039618198
-0.16594215
-0.27417025
-0.28428593
0.14262582
0.044986963
-0.02104995
0.24642465
0.13244049
0.11437068
-0.32716987
0.060582068
-0.016381366
0.09467956
0.11881029
0.124600016
-0.20102356
-0.15762849
-0.092192784
-0.31130755
0.28119153
-0.2668159
0.13585478
-0.26669464
-0.0574456
-0.04154268
-0.015181682
0.19236934
0.19594651
-0.09706874
0.37904987
0.1345509
0.29129228
0.42736766
0.10154063
-0.044336386
0.03668248
-0.101308346
0.17648217
0.26444718
-0.2596876
0.06196997
-0.2041713
0.06369674
0.23031701
0.31638297
-0.21767995
-0.021526085
0.1376276
-0.09007159
0.0055311187
0.22647606
0.28366676
-0.12063349
-0.29641727
0.20167615
-0.25981683
0.26719895
0.43900228
-0.21929726
-0.14631677
0.31783083
-0.16461296
-0.37679955
-0.054642696
0.13181368
0.0093792295
0.11719843
-0.16638188
0.21951391
0.05299077
0.05532518
-0.19791593
0.026718417
0.0065848217
0.10511053
0.10861627
-0.22673868
0.07721816
0.28794608
-0.08035056
-0.2463493
-0.36985236
0.28825435
0.009009937
0.18726996
-0.09434198
0.020934908
-0.22033432
-0.23902771
0.14080492
-0.27950072
0.068610266
-0.062857166
0.09705591
0.021134175
-0.13774718
-0.2364934
-0.14628488
0.14076518
-0.14626609
0.37351832
0.20581299
-0.2003155
0.21908318
0.14255653
-0.08809842
-0.20248044
0.12810902
0.0839862
0.21615928
0.1611228
-0.15220043
-0.087065265
-0.011839522
-0.111954756
-0.11342143
0.0590476
-0.03030545
-0.120871745
0.013338003
-0.0420718
0.14907762
-0.21636295
-0.30481502
-0.26449424
-0.3572729
-0.0801958
-0.15779164
0.14495201
-0.14378712
-0.0076706796
0.38237914
0.07749132
-0.07135764
-0.30462706
-0.0044958983
0.07918563
0.008887234
0.22151853
-0.116386
-0.016014924
0.004147522
-0.118755944
0.3596261
0.41932592
0.14933538
-0.08395134
-0.04583153
-0.04709388
-0.027265726
-0.24979511
-0.09441966
0.17693856
-0.14302623
-0.101179294
-0.0060230666
0.024843017
0.34721312
-0.15032329
-0.15871784
-0.15683074
0.08812829
0.2782046
-0.10568627
-0.08714327
0.035662852
0.09479698
-0.27290067
-0.0068817376
-0.110504024
0.31624976
-0.3574459
0.2505509
-0.2284388
0.06315572
-0.24268138
-0.100140534
0.2007688
0.21480024
-0.34022325
0.022249758
0.11573964
-0.31300122
-0.041715834
0.18266352
0.1377155
0.28900754
-0.030945064
0.032844584
0.26444423
0.07097311
0.11222822
0.21099545
0.3327185
-0.11814649
-0.15486151
0.17480746
-0.44663075
0.041069053
-0.072446
-0.03322003
0.109399244
0.3596884
-0.30321187
0.2587068
-0.012443251
-0.18375228
-0.17709526
-0.00061183254
-0.4881655
0.26379365
-0.03881609
-0.17895058
0.2545452
0.050956223
0.15757437
-0.11674012
0.2122992
0.031605087
-0.014644415
-0.0018981422
-0.012036269
-0.13772787
0.12649654
0.05926732
0.06797157
0.06978217
0.06759974
0.26180387
0.14031632
-0.013383434
0.26660302
0.018838013
0.15290388
0.15972748
0.026949693
-0.27295044
0.13081391
0.14463365
0.41363046
-0.0078361295
-0.30841088
-0.26360795
0.5428883
-0.37202245
-0.26093706
0.012868115
0.009109709
0.1706606
-0.047645673
0.08367086
-0.120580174
0.2478121
-0.081930384
0.062231604
0.18675485
0.30906212
0.18958263
-0.16178185
-0.038759373
-0.11647773
-0.05010115
-0.10998934
0.009970451
-0.15505075
0.066605695
0.20010309
-0.19363752
-0.068544105
0.29743564
0.064673975
0.16165736
-0.100902095
-0.053968444
0.39320156
-0.1203309
0.011745235
0.11488562
-0.0640958
-0.14782721
0.0072261374
0.02554315
0.33561027
0.15780379
-0.07467406
-0.2007497
-0.16883421
-0.2120871
-0.06781782
-0.059610493
0.06218204
-0.10314821
0.01738279
-0.1224631
-0.066079795
-0.30658844
-0.19672938
-0.08102281
0.10585274
-0.21608615
0.049506314
-0.20617622
-0.16202031
-0.12072353
0.106700666
0.26522398
0.113460384
-0.025219053
0.067950204
-0.28195524
0.0023981493
0.1130741
0.15198487
-0.038526814
-0.066382065
-0.099099025
-0.17252886
-0.12556246
-0.08243585
-0.027017977
-0.08913176
-0.36721927
0.14912273
0.27557802
0.057327777
-0.08951387
0.26208854
-0.33972666
-0.029052299
-0.010021421
-0.013987279
-0.26541162
0.00574807
0.13242075
0.09874772
-0.050751284
-0.19867952
-0.1410624
0.16477981
0.107126586
-0.21565503
-0.0038740165
0.21636575
0.067542896
0.05524784
0.00834669
-0.0485237
-0.106703416
-0.1041454
0.02422391
0.20001589
-0.32811937
-0.16065831
-0.027957574
-0.041566953
-0.0686055
0.075962
0.41459212
0.2643201
-0.0945188
0.06722058
0.044937972
0.42687792
-0.10045528
0.17865038
-0.1380254
-0.22655907
0.05980941
0.22887692
0.22541925
-0.12476816
0.20388988
0.25007328
-0.19609964
-0.081660606
0.12989888
0.37188196
0.10446771
-0.27441552
0.26714286
0.24871242
-0.010166248
0.17688107
-0.02978472
0.18033248
0.0598302
0.0996213
-0.110903345
-0.030644003
-0.20714654
0.12431235
0.03944969
0.007864824
0.15070164
0.16982955
0.15935223
-0.26031324
-0.14410557
0.116087936
0.14359327
-0.007448027
0.0153238475
-0.018744256
0.1965754
-0.2540867
-0.12180628
0.12258633
-0.16475084
0.15104352
-0.14571701
0.26222193
-0.049246088
0.18855765
-0.3462254
0.18904757
-0.18231691
0.22821589
0.049994096
0.16822328
0.29186943
-0.059917163
0.28268105
-0.15890454
0.025006844
-0.20468591
-0.095486194
0.14912967
-0.030619852
0.374161
-0.09730493
-0.17879216
0.07787936
0.064362146
-0.09964232
0.08223192
0.02577268
-0.3101871
0.0619804
-0.15912206
-0.15432866
-0.23904586
-0.12462654
-0.13155432
0.4863809
0.0138468975
0.080339685
0.111350134
0.15642366
0.031124964
0.007986594
0.21068066
0.14396496
0.03962696
0.44524854
0.20972173
-0.028531885
-0.032548424
-0.017805487
0.19608015
0.104270875
0.26163584
-0.023559915
0.001290079
0.06167799
-0.3590922
0.19048423
0.18604572
-0.03237995
0.043137636
-0.14028473
0.067188606
0.22427462
-0.24182814
0.037160084
-0.11127766
-0.037695337
-0.046183415
-0.028727725
0.12986793
-0.040384088
0.19025671
-0.03808685
-0.012788435
-0.07146347
-0.1577811
0.10881686
-0.16399083
0.23851842
-0.0045917556
0.21440855
0.19107404
0.1671809
0.09734041
-0.04453931
-0.10981241
0.13300553
-0.04303948
-0.3879104
0.0003443518
0.07065737
-0.1761992
0.17656896
0.03490415
-0.23321532
-0.084175944
-0.1800198
0.20396742
0.072737545
0.08698464
0.019128101
-0.005168982
-0.07537539
-0.11327357
0.091556124
0.035516795
0.07538943
-0.22539963
0.10166593
0.16238318
-0.28179666
-0.27730995
0.1814663
-0.20439017
0.11167149
-0.19924872
-0.1177172
0.33396477
-0.0031703284
-0.001099596
0.16895495
0.47482812
-0.15606385
-0.032170743
-0.2946658
-0.11992299
0.28711876
-0.022431016
-0.26270664
0.26407453
-0.05996847
-0.10946364
0.16001762
-0.16451608
0.10146338
-0.0325867
0.12026202
0.3470808
-0.036599413
0.080294445
0.087332115
-0.26420552
-0.16149512
-0.06966035
0.06784587
0.3847239
-0.075095624
-0.21508512
0.17657626
0.124861345
-0.047596417
-0.15386821
0.09718854
0.08345066
-0.1334298
0.097951725
0.11895754
-0.06127533
0.21880536
-0.25223887
-0.24881074
-0.071637884
0.028994886
0.22139071
-0.10400612
-0.2560659
0.032047622
0.26771155
0.005647061
0.24809535
-0.26793626
-0.0072458377
0.0070348647
0.0873662
0.029612165
0.009636499
-0.008250281
-0.024772737
0.09114369
-0.052634656
0.17089497
-0.1440729
0.22978519
0.23598512
0.0033007246
-0.41928682
0.19016428
0.26383993
0.30794147
-0.09952372
0.15767531
0.12312922
-0.05052191
-0.10398802
0.22276239
0.10147396
-0.067201935
0.078306034
-0.098264806
-0.34801826
0.24161616
0.038397066
0.06426358
0.43059197
-0.23043978
0.13484766
-0.043107
0.10554633
-0.08769207
-0.032081716
0.11549809
-0.46418637
0.16971748
-0.18902391
-0.56061095
-0.043829754
-0.34803405
-0.13132833
-0.17850558
-0.17507707
0.020411981
0.10909576
0.16530295
-0.06912675
0.02567555
-0.20392105
-0.09828617
0.025167368
-0.18939245
0.11117907
-0.17065194
-0.29124126
-0.1465041
0.037982866
0.012850181
0.16756485
0.09430206
-0.20340174
-0.26980528
0.07283585
0.41593227
0.08772399
0.33481556
-0.05639268
-0.04794538
-0.022841498
0.030626535
0.39792624
-0.223854
0.57096535
-0.2007764
0.056275778
-0.073425174
0.26101425
0.15763088
-0.19888617
-0.094764404
0.12827837
0.24315251
-0.071926236
0.21663925
-0.16929372
-0.09576271
-0.25386775
-0.1259635
-0.1784416
0.11866837
-0.08996187
0.3061936
-0.15292409
-0.084015176
-0.11129699
-0.108441174
0.01829534
0.191247
-0.181423
-0.078935206
0.07802471
-0.06210986
0.21301156
0.022470526
-0.081851065
-0.1450911
-0.06528308
0.16653769
-0.23431508
-0.3819104
0.31725675
-0.029555883
-0.16321176
0.1852733
-0.17857662
0.1987039
0.024597235
0.28573936
-0.120367356
0.007303435
-0.03789988
0.017371584
0.06514369
0.01099446
0.19148684
0.20467742
0.10977828
0.211048
0.22085938
-0.380065
0.053161442
-0.23131742
-0.23279218
0.17448783
0.14061004
-0.09435838
0.10760063
0.03504575
0.0051084626
0.012721643
0.17766593
-0.19232544
-0.13119699
0.095666036
0.1310119
-0.05408824
-0.10410861
0.10445223
0.19964805
0.27676132
-0.15201068
-0.24697578
0.30526716
0.059971858
-0.08252235
-0.15628813
0.096656896
0.014531124
0.11764505
0.07074798
0.12340911
-0.38181463
0.071380965
0.060194682
-0.020853689
-0.1758158
0.08619392
-0.07577951
-0.08758421
0.2975328
0.010344695
-0.024174646
0.0631812
0.061072513
-0.12768319
0.11770357
0.192577
0.09465926
-0.051614366
0.08934556
0.068721764
-0.28702015
-0.011933043
-0.23153144
-0.0025844886
-0.025709588
-0.083635144
-0.052669976
-0.22525062
0.36449474
-0.01485664
-0.46570724
0.18436894
-0.0177074
0.09969729
0.07754672
-0.028054176
-0.07432827
0.026600849
0.36586115
-0.23120815
-0.045958966
0.023891468
-0.20998715
-0.13735852
0.15681604
0.0020691652
-0.05133149
0.014981725
-0.0912261
0.09149124
-0.15271603
0.26054606
0.11634628
-0.052934196
-0.2899661
0.3484632
0.10972248
0.14588048
-0.0594636
-0.025240371
0.052659053
0.45004365
0.13222912
-0.028887063
0.27011254
-0.36356303
0.028290408
-0.17192936
-0.14136203
0.21870682
-0.23168536
-0.11056904
0.0036284022
-0.25512698
-0.10582964
0.14257492
-0.17554918
0.12030062
0.20955221
-0.007160622
0.07582625
0.19388731
-0.06868157
0.48553225
0.1383088
-0.19583575
-0.10191399
-0.035960767
-0.11816176
-0.26498532
0.10963836
0.22911479
0.014227148
0.12106063
-0.0042876485
0.034916904
-0.23429954
-0.4677728
0.26091293
0.14532903
0.07256001
0.12667921
0.08706327
0.08721982
0.13124762
-0.12550631
-0.15673949
-0.3609043
0.03226503
-0.019537942
0.048890628
0.23699665
0.044513404
0.15239488
0.24100979
0.09805442
-0.1045335
-0.1368628
0.043686338
0.0905767
-0.1611338
-0.052463297
-0.21932065
-0.3058447
0.1145305
-0.07935687
-0.09901558
0.30180097
-0.25746903
-0.1777228
0.06648976
-0.0033282288
-0.19875821
-0.20032379
-0.3200615
0.06040943
0.052800804
-0.15144767
0.13122918
0.22561781
0.15102126
-0.0640391
-0.067467436
0.27313077
0.2359528
-0.06182379
0.08254656
0.40813717
0.05930383
0.13566306
-0.026971053
0.102065034
0.24378772
0.2020495
0.056920543
0.093283005
0.0051993313
0.18546405
0.09325598
0.2207674
0.33296874
0.07614502
-0.15756446
-0.15346614
0.23549485
-0.11221982
0.22846648
-0.097581126
0.36412212
-0.0401564
-0.053887185
-0.30283192
0.07910747
-0.08103741
0.17753215
0.31322095
-0.05916643
0.13030869
-0.047434945
0.05528871
-0.24114707
-0.0120706735
-0.062710494
0.01739732
0.015875017
0.032619677
0.074399725
0.11841742
0.3904655
-0.14690968
0.08166977
